12
0 Cetace_a_dents 345 0.6 160 160
1 Cetace_a_fanons 345 0.6 200 200
2 Phoque 243 0.6 300 300
3 Leopard 476 0.7 400 400
4 Elephant 634 0.4 450 450
5 Oiseaux 456 0.6 500 500
6 Poissons 234 0.7 550 550
7 Calamar 987 0.4 600 600
8 Zooplancton_c 456 0.5 700 700
9 Krill 123 0.6 750 750
10 Zooplancton_h 986 0.7 800 800
11 Phytoplancton 745 0.9 900 900
0 0 1 1 1 1 0 1 0 0 0 0
0 0 0 0 0 0 0 1 0 0 0 0
0 0 0 0 0 0 0 0 0 1 0 0
0 0 0 0 0 1 1 1 0 0 0 0
0 0 0 0 0 0 1 1 0 0 0 0
0 0 0 0 0 0 1 1 1 1 1 0
0 0 0 0 0 0 0 1 0 1 1 0
0 0 0 0 0 0 1 0 1 0 1 0
0 0 0 0 0 0 0 0 0 1 1 0
0 0 0 0 0 0 0 0 0 0 1 1
0 0 0 0 0 0 0 0 0 0 0 1
0 0 0 0 0 0 0 0 0 0 0 0
