10
0 renard 100 0.06 20 20
1 ecureuil 150 0.06 45 45
2 serpent 200 0.04 70 70
3 oiseau 300 0.07 95 95
4 champignon 1000 0.07 120 120
5 grenouille 50 0.07 145 145
6 insecte 10000 0.07 170 170
7 sapin 400 0.06 195 195
8 lombric 10000 0.07 220 220
9 myriapode 200 0.07 245 245
0 3 6 12 0 0 0 0 0 0
0 0 8 0 5 0 9 54 0 0
0 0 0 0 0 10 13 0 0 0
0 0 0 0 0 0 0 9 0 0
0 0 0 0 0 0 0 56 0 0
0 0 0 0 0 0 8 0 98 3
0 0 0 0 0 0 0 2 0 0
0 0 0 0 0 0 0 0 87 4
0 0 0 0 0 0 0 0 0 0
0 0 0 0 0 0 0 0 0 0