12
0 Cetace_a_dents 345 0.6 160 160
1 Cetace_a_fanons 345 0.6 200 200
2 Phoque 243 0.6 300 300
3 Leopard 476 0.7 400 400
4 Elephant 634 0.4 450 450
5 Oiseaux 456 0.6 500 500
6 Poissons 10000 0.7 550 550
7 Calamar 987 0.4 600 600
8 Zooplancton_c 100000 0.5 700 700
9 Krill 123 0.6 100000 750
10 Zooplancton_h 100000 0.7 800 800
11 Phytoplancton 100000 0.9 900 900
0 0 2 1 1 1000 0 1 0 0 0 0
0 0 0 0 0 0 0 1 0 0 0 0
0 0 0 0 0 0 0 0 0 1 0 0
0 0 0 0 0 101 21 19 0 0 0 0
0 0 0 0 0 0 17 121 0 0 0 0
0 0 0 0 0 0 54 5 2 3 10 0
0 0 0 0 0 0 0 10 0 12 11 0
0 0 0 0 0 0 100 0 91 0 17 0
0 0 0 0 0 0 0 0 0 1 1 0
0 0 0 0 0 0 0 0 0 0 1 1
0 0 0 0 0 0 0 0 0 0 0 1
0 0 0 0 0 0 0 0 0 0 0 0
